%YAML:1.0
---
R: !!opencv-matrix
   rows: 3
   cols: 3
   dt: d
   data: [ 1, -3.323550398974671e-04,
       -0.001284640606408, 3.298691211323036e-04,
       1, -0.001934836077655,
       0.001285281184450, 0.001934410610994,
       1 ]
T: !!opencv-matrix
   rows: 3
   cols: 1
   dt: d
   data: [ -62.196873360591700, -0.078130246722894,
       0.049459429884793 ]
R1: !!opencv-matrix
   rows: 3
   cols: 3
   dt: d
   data: [ 9.9996915015248400e-01, 1.5236478815816475e-03,
       -7.7056628820480182e-03, -1.5294723035011229e-03,
       9.9999854908657604e-01, -7.5002614333600343e-04,
       7.7045089260538765e-03, 7.6178860310205875e-04,
       9.9997002966105586e-01 ]
R2: !!opencv-matrix
   rows: 3
   cols: 3
   dt: d
   data: [ 9.9991780295718846e-01, 1.4695167335875457e-03,
       -1.2736869703300919e-02, -1.4598881478960388e-03,
       9.9999864157671337e-01, 7.6522632180574539e-04,
       1.2737976914125390e-02, -7.4656901734386537e-04,
       9.9991858997562288e-01 ]
P1: !!opencv-matrix
   rows: 3
   cols: 4
   dt: d
   data: [ 1.3852069927561690e+03, 0., 1.0108923187255859e+03, 0., 0.,
       1.3852069927561690e+03, 5.6093922424316406e+02, 0., 0., 0., 1.,
       0. ]
P2: !!opencv-matrix
   rows: 3
   cols: 4
   dt: d
   data: [ 1.3852069927561690e+03, 0., 1.0108923187255859e+03,
       -8.6101740554020598e+03, 0., 1.3852069927561690e+03,
       5.6093922424316406e+02, 0., 0., 0., 1., 0. ]
Q: !!opencv-matrix
   rows: 4
   cols: 4
   dt: d
   data: [ 1., 0., 0., -1.0108923187255859e+03, 0., 1., 0.,
       -5.6093922424316406e+02, 0., 0., 0., 1.3852069927561690e+03, 0.,
       0., 1.6088025443423923e-01, 0. ]
