%YAML:1.0
---
M1: !!opencv-matrix
   rows: 3
   cols: 3
   dt: d
   data: [ 1.398428736568180e+03, 0., 9.798137069332395e+02, 0.,
       1.398920433039519e+03, 5.670210240061862e+02, 0., 0., 1. ]
D1: !!opencv-matrix
   rows: 1
   cols: 14
   dt: d
   data: [ -0.161155692062978, -0.005895242753172, -4.829394415607772e-04, 0.001106497179912, 0.,
       0., 0., 0, 0., 0., 0., 0., 0., 0. ]
M2: !!opencv-matrix
   rows: 3
   cols: 3
   dt: d
   data: [ 1.398766970549972e+03, 0., 9.902540324632191e+02, 0.,
       1.397982077476556e+03, 5.617643592452305e+02, 0., 0., 1. ]
D2: !!opencv-matrix
   rows: 1
   cols: 14
   dt: d
   data: [ -0.161008570902775, 0.020702081849303, -2.535241334274564e-04, 0.002190245333561, 0.,
       0., 0., 0, 0., 0., 0., 0., 0., 0. ]
